0 0 0 0 0 0 0 0 0 0 0 0 0 0 0 0 0 0 0 0 0 0 0 0 0 0 0 0 0 0 0 0 0 0 0 0 0 0 0 0 0 0 0 0 0 0 0 0 0 0 0 0 0 0 0 0 0 0 0 0 0 0 0 0 0 0 0 0 0 0 0 0 0 0 0 0 0 0 0 0 0 0 0 0 0 0 0 0 0 0 0 0 0 0 0 0 255 153 68 255 0 0 0 0 0 0 0 0 0 0 0 0 0 0 0 0 0 0 0 0 0 0 0 0 0 0 0 0 0 0 0 0 0 0 0 0 0 0 0 0 0 0 0 0 0 0 0 0 0 0 0 0 0 0 0 0 0 0 0 0 0 0 0 0 0 0 0 0 0 0 0 0 0 0 0 0 0 0 0 0
0 0 0 0 0 0 0 0 0 0 0 0 0 0 0 0 0 0 0 0 0 0 0 0 0 0 0 0 0 0 0 0 0 0 0 0 0 0 0 0 0 0 0 0 0 0 0 0 0 0 0 0 0 0 0 0 0 0 0 0 0 0 0 0 0 0 0 0 0 0 0 0 0 0 0 0 0 0 0 0 0 0 0 0 0 0 0 0 0 0 0 0 0 0 0 0 255 102 68 255 255 153 68 255 255 102 68 255 255 153 68 255 255 153 68 255 255 153 68 255 0 0 0 0 0 0 0 0 0 0 0 0 0 0 0 0 0 0 0 0 0 0 0 0 0 0 0 0 0 0 0 0 0 0 0 0 0 0 0 0 0 0 0 0 0 0 0 0 0 0 0 0 0 0 0 0 0 0 0 0
0 0 0 0 0 0 0 0 0 0 0 0 0 0 0 0 0 0 0 0 0 0 0 0 0 0 0 0 0 0 0 0 0 0 0 0 0 0 0 0 0 0 0 0 0 0 0 0 0 0 0 0 0 0 0 0 0 0 0 0 0 0 0 0 0 0 0 0 0 0 0 0 0 0 0 0 0 0 0 0 0 0 0 0 0 0 0 0 0 0 0 0 255 102 68 255 255 153 68 255 255 153 68 255 255 102 68 255 255 153 68 255 255 102 68 255 255 102 68 255 255 102 68 255 255 153 68 255 0 0 0 0 0 0 0 0 0 0 0 0 0 0 0 0 0 0 0 0 0 0 0 0 0 0 0 0 0 0 0 0 0 0 0 0 0 0 0 0 0 0 0 0 0 0 0 0 0 0 0 0
0 0 0 0 0 0 0 0 0 0 0 0 0 0 0 0 0 0 0 0 0 0 0 0 0 0 0 0 0 0 0 0 0 0 0 0 0 0 0 0 0 0 0 0 0 0 0 0 0 0 0 0 0 0 0 0 0 0 0 0 0 0 0 0 0 0 0 0 0 0 0 0 0 0 0 0 0 0 0 0 0 0 0 0 0 0 0 0 0 0 0 0 255 153 68 255 255 102 68 255 255 102 68 255 255 153 68 255 255 102 68 255 255 153 68 255 255 153 68 255 255 153 68 255 255 102 68 255 0 0 0 0 0 0 0 0 0 0 0 0 0 0 0 0 0 0 0 0 0 0 0 0 0 0 0 0 0 0 0 0 0 0 0 0 0 0 0 0 0 0 0 0 0 0 0 0 0 0 0 0
0 0 0 0 0 0 0 0 0 0 0 0 0 0 0 0 0 0 0 0 0 0 0 0 0 0 0 0 0 0 0 0 0 0 0 0 0 0 0 0 0 0 0 0 0 0 0 0 0 0 0 0 0 0 0 0 0 0 0 0 0 0 0 0 0 0 0 0 0 0 0 0 255 153 68 255 255 153 68 255 255 102 68 255 255 153 68 255 255 102 68 255 255 153 68 255 255 153 68 255 255 102 68 255 255 153 68 255 255 102 68 255 255 102 68 255 255 102 68 255 255 153 68 255 255 102 68 255 255 153 68 255 0 0 0 0 0 0 0 0 0 0 0 0 0 0 0 0 0 0 0 0 0 0 0 0 0 0 0 0 0 0 0 0 0 0 0 0 0 0 0 0 0 0 0 0 0 0 0 0
0 0 0 0 0 0 0 0 0 0 0 0 0 0 0 0 0 0 0 0 0 0 0 0 0 0 0 0 0 0 0 0 0 0 0 0 0 0 0 0 0 0 0 0 0 0 0 0 0 0 0 0 0 0 0 0 0 0 0 0 0 0 0 0 0 0 0 0 0 0 0 0 255 102 68 255 255 102 68 255 255 153 68 255 255 153 68 255 255 102 68 255 255 153 68 255 255 153 68 255 255 153 68 255 255 102 68 255 255 153 68 255 255 153 68 255 255 153 68 255 255 102 68 255 255 153 68 255 255 102 68 255 255 153 68 255 255 153 68 255 0 0 0 0 0 0 0 0 0 0 0 0 0 0 0 0 0 0 0 0 0 0 0 0 0 0 0 0 0 0 0 0 0 0 0 0 0 0 0 0
0 0 0 0 0 0 0 0 0 0 0 0 0 0 0 0 0 0 0 0 0 0 0 0 0 0 0 0 0 0 0 0 0 0 0 0 0 0 0 0 0 0 0 0 0 0 0 0 0 0 0 0 255 153 68 255 255 102 68 255 255 153 68 255 255 153 68 255 255 153 68 255 255 153 68 255 255 102 68 255 255 187 85 255 255 153 68 255 255 153 68 255 255 187 85 255 255 153 68 255 255 153 68 255 255 153 68 255 255 102 68 255 255 102 68 255 255 102 68 255 255 153 68 255 255 102 68 255 255 153 68 255 255 102 68 255 255 102 68 255 255 102 68 255 255 153 68 255 0 0 0 0 0 0 0 0 0 0 0 0 0 0 0 0 0 0 0 0 0 0 0 0 0 0 0 0 0 0 0 0
0 0 0 0 0 0 0 0 0 0 0 0 0 0 0 0 0 0 0 0 0 0 0 0 0 0 0 0 0 0 0 0 0 0 0 0 0 0 0 0 0 0 0 0 0 0 0 0 255 153 68 255 255 102 68 255 255 153 68 255 255 102 68 255 255 102 68 255 255 102 68 255 255 102 68 255 255 153 68 255 255 187 85 255 255 187 85 255 255 187 85 255 255 187 85 255 255 153 68 255 255 153 68 255 255 153 68 255 255 153 68 255 255 153 68 255 255 102 68 255 255 153 68 255 255 102 68 255 255 102 68 255 255 153 68 255 255 153 68 255 255 153 68 255 255 102 68 255 255 153 68 255 255 153 68 255 0 0 0 0 0 0 0 0 0 0 0 0 0 0 0 0 0 0 0 0 0 0 0 0
0 0 0 0 0 0 0 0 0 0 0 0 0 0 0 0 0 0 0 0 0 0 0 0 0 0 0 0 0 0 0 0 0 0 0 0 0 0 0 0 0 0 0 0 0 0 0 0 255 102 68 255 255 153 68 255 255 102 68 255 255 153 68 255 255 153 68 255 255 153 68 255 255 153 68 255 255 153 68 255 255 187 85 255 255 187 85 255 255 187 85 255 255 187 85 255 255 153 68 255 255 153 68 255 255 153 68 255 255 153 68 255 255 102 68 255 255 153 68 255 255 102 68 255 255 153 68 255 255 102 68 255 255 102 68 255 255 102 68 255 255 153 68 255 255 102 68 255 255 102 68 255 255 153 68 255 0 0 0 0 0 0 0 0 0 0 0 0 0 0 0 0 0 0 0 0 0 0 0 0
0 0 0 0 0 0 0 0 0 0 0 0 0 0 0 0 0 0 0 0 0 0 0 0 0 0 0 0 0 0 0 0 255 153 68 255 255 153 68 255 255 102 68 255 255 153 68 255 255 153 68 255 255 102 68 255 255 153 68 255 255 102 68 255 255 102 68 255 255 102 68 255 255 102 68 255 255 153 68 255 255 187 85 255 255 187 85 255 255 153 68 255 255 153 68 255 255 153 68 255 255 221 102 255 255 221 102 255 255 221 102 255 255 187 85 255 255 187 85 255 255 153 68 255 255 153 68 255 255 153 68 255 255 153 68 255 255 153 68 255 255 102 68 255 255 153 68 255 255 153 68 255 255 102 68 255 255 153 68 255 0 0 0 0 0 0 0 0 0 0 0 0 0 0 0 0 0 0 0 0
0 0 0 0 0 0 0 0 0 0 0 0 0 0 0 0 0 0 0 0 0 0 0 0 0 0 0 0 255 153 68 255 255 153 68 255 255 102 68 255 255 102 68 255 255 153 68 255 255 102 68 255 255 102 68 255 255 153 68 255 255 102 68 255 255 153 68 255 255 153 68 255 255 153 68 255 255 153 68 255 255 102 68 255 255 153 68 255 255 153 68 255 255 153 68 255 255 187 85 255 255 187 85 255 255 187 85 255 255 187 85 255 255 187 85 255 255 221 102 255 255 187 85 255 255 187 85 255 255 153 68 255 255 102 68 255 255 153 68 255 255 102 68 255 255 153 68 255 255 102 68 255 255 102 68 255 255 153 68 255 255 102 68 255 255 153 68 255 255 153 68 255 0 0 0 0 0 0 0 0
0 0 0 0 0 0 0 0 0 0 0 0 0 0 0 0 255 153 68 255 255 102 68 255 255 153 68 255 255 102 68 255 255 102 68 255 255 153 68 255 255 153 68 255 255 102 68 255 255 153 68 255 255 153 68 255 255 102 68 255 255 153 68 255 255 102 68 255 255 187 85 255 255 153 68 255 255 153 68 255 255 153 68 255 255 153 68 255 255 153 68 255 255 187 85 255 255 255 153 255 255 255 153 255 255 255 153 255 255 255 153 255 255 221 102 255 255 187 85 255 255 153 68 255 255 153 68 255 255 153 68 255 255 153 68 255 255 102 68 255 255 153 68 255 255 102 68 255 255 153 68 255 255 153 68 255 255 102 68 255 255 153 68 255 255 102 68 255 255 102 68 255 255 153 68 255 0 0 0 0
0 0 0 0 0 0 0 0 0 0 0 0 255 153 68 255 255 102 68 255 255 153 68 255 255 102 68 255 255 153 68 255 255 102 68 255 255 102 68 255 255 153 68 255 255 102 68 255 255 153 68 255 255 153 68 255 255 153 68 255 255 102 68 255 255 153 68 255 255 187 85 255 255 153 68 255 255 102 68 255 255 153 68 255 255 153 68 255 255 153 68 255 255 221 102 255 255 255 153 255 255 255 153 255 255 255 153 255 255 255 153 255 255 221 102 255 255 221 102 255 255 187 85 255 255 187 85 255 255 153 68 255 255 102 68 255 255 153 68 255 255 102 68 255 255 153 68 255 255 102 68 255 255 102 68 255 255 153 68 255 255 102 68 255 255 153 68 255 255 102 68 255 255 153 68 255 0 0 0 0
0 0 0 0 0 0 0 0 0 0 0 0 255 102 68 255 255 153 68 255 255 102 68 255 255 153 68 255 255 102 68 255 255 153 68 255 255 153 68 255 255 102 68 255 255 153 68 255 255 102 68 255 255 153 68 255 255 153 68 255 255 153 68 255 255 102 68 255 255 187 85 255 255 187 85 255 255 102 68 255 255 153 68 255 255 153 68 255 255 153 68 255 255 221 102 255 255 255 153 255 255 255 153 255 255 255 153 255 255 255 153 255 255 221 102 255 255 221 102 255 255 187 85 255 255 187 85 255 255 153 68 255 255 153 68 255 255 102 68 255 255 153 68 255 255 102 68 255 255 102 68 255 255 153 68 255 255 102 68 255 255 153 68 255 255 102 68 255 255 153 68 255 255 102 68 255 0 0 0 0
0 0 0 0 0 0 0 0 255 153 68 255 255 153 68 255 0 0 0 0 255 153 68 255 255 102 68 255 255 153 68 255 255 102 68 255 255 102 68 255 255 153 68 255 255 153 68 255 255 153 68 255 255 153 68 255 255 102 68 255 255 153 68 255 255 153 68 255 255 187 85 255 255 221 102 255 255 153 68 255 255 153 68 255 255 153 68 255 255 153 68 255 255 221 102 255 255 255 153 255 255 221 102 255 255 221 102 255 255 255 153 255 255 255 153 255 255 221 102 255 255 221 102 255 255 187 85 255 255 187 85 255 255 153 68 255 255 153 68 255 255 102 68 255 255 102 68 255 255 153 68 255 255 102 68 255 255 153 68 255 255 102 68 255 255 102 68 255 255 153 68 255 255 102 68 255 255 153 68 255
255 153 68 255 255 153 68 255 255 102 68 255 0 0 0 0 0 0 0 0 0 0 0 0 0 0 0 0 255 153 68 255 255 102 68 255 255 153 68 255 255 153 68 255 255 102 68 255 255 153 68 255 255 153 68 255 255 153 68 255 255 153 68 255 255 102 68 255 255 187 85 255 255 221 102 255 255 221 102 255 255 187 85 255 255 187 85 255 255 187 85 255 255 255 153 255 255 255 153 255 255 221 102 255 255 221 102 255 255 255 153 255 255 255 153 255 255 255 153 255 255 221 102 255 255 221 102 255 255 153 68 255 255 102 68 255 255 102 68 255 255 153 68 255 255 153 68 255 255 102 68 255 255 102 68 255 255 153 68 255 255 102 68 255 255 153 68 255 255 102 68 255 255 153 68 255 255 102 68 255
255 102 68 255 255 153 68 255 0 0 0 0 0 0 0 0 0 0 0 0 255 153 68 255 255 102 68 255 255 153 68 255 255 102 68 255 255 102 68 255 255 153 68 255 255 102 68 255 255 102 68 255 255 153 68 255 255 102 68 255 255 153 68 255 255 153 68 255 255 153 68 255 255 187 85 255 255 187 85 255 255 221 102 255 255 255 153 255 255 255 153 255 255 255 153 255 255 221 102 255 255 221 102 255 255 221 102 255 255 255 153 255 255 255 153 255 255 255 153 255 255 255 153 255 255 255 153 255 255 153 68 255 255 153 68 255 255 153 68 255 255 102 68 255 255 102 68 255 255 153 68 255 255 102 68 255 0 0 0 0 0 0 0 0 0 0 0 0 255 153 68 255 255 102 68 255 0 0 0 0
255 153 68 255 255 102 68 255 0 0 0 0 0 0 0 0 0 0 0 0 255 102 68 255 255 153 68 255 255 102 68 255 255 153 68 255 255 153 68 255 255 102 68 255 255 153 68 255 255 153 68 255 255 102 68 255 255 102 68 255 255 153 68 255 255 153 68 255 255 187 85 255 255 187 85 255 255 255 153 255 255 255 153 255 255 221 102 255 255 255 153 255 255 255 153 255 255 255 153 255 255 255 153 255 255 255 153 255 255 221 102 255 255 255 153 255 255 255 153 255 255 255 153 255 255 255 153 255 255 187 85 255 255 102 68 255 255 153 68 255 255 187 85 255 255 153 68 255 255 102 68 255 255 153 68 255 0 0 0 0 0 0 0 0 0 0 0 0 0 0 0 0 0 0 0 0 0 0 0 0
255 102 68 255 255 153 68 255 0 0 0 0 0 0 0 0 0 0 0 0 255 102 68 255 255 153 68 255 255 102 68 255 255 153 68 255 255 102 68 255 255 102 68 255 255 153 68 255 255 102 68 255 255 102 68 255 255 153 68 255 255 153 68 255 255 153 68 255 255 153 68 255 255 187 85 255 255 255 153 255 255 255 153 255 255 255 153 255 255 255 153 255 255 255 153 255 255 255 153 255 255 255 153 255 255 221 102 255 255 255 153 255 255 255 153 255 255 255 153 255 255 255 153 255 255 255 153 255 255 187 85 255 255 153 68 255 255 153 68 255 255 153 68 255 255 187 85 255 255 102 68 255 255 153 68 255 0 0 0 0 0 0 0 0 0 0 0 0 0 0 0 0 0 0 0 0 0 0 0 0
0 0 0 0 0 0 0 0 0 0 0 0 0 0 0 0 0 0 0 0 0 0 0 0 0 0 0 0 255 153 68 255 255 102 68 255 255 153 68 255 255 153 68 255 255 102 68 255 255 153 68 255 255 102 68 255 255 153 68 255 255 102 68 255 255 102 68 255 255 187 85 255 255 255 153 255 255 255 153 255 255 255 153 255 255 255 153 255 255 255 153 255 255 255 153 255 255 221 102 255 255 221 102 255 255 221 102 255 255 255 153 255 255 221 102 255 255 255 153 255 255 221 102 255 255 221 102 255 255 187 85 255 255 153 68 255 255 153 68 255 255 187 85 255 255 153 68 255 255 153 68 255 255 102 68 255 255 153 68 255 0 0 0 0 0 0 0 0 0 0 0 0 0 0 0 0 0 0 0 0
0 0 0 0 0 0 0 0 0 0 0 0 0 0 0 0 0 0 0 0 255 153 68 255 255 102 68 255 255 153 68 255 255 102 68 255 255 102 68 255 255 153 68 255 255 102 68 255 255 153 68 255 255 102 68 255 255 153 68 255 255 153 68 255 255 153 68 255 255 187 85 255 255 187 85 255 255 221 102 255 255 255 153 255 255 221 102 255 255 255 153 255 255 255 153 255 255 221 102 255 255 221 102 255 255 221 102 255 255 221 102 255 255 221 102 255 255 255 153 255 255 255 153 255 255 255 153 255 255 187 85 255 255 153 68 255 255 153 68 255 255 153 68 255 255 153 68 255 255 102 68 255 255 153 68 255 255 102 68 255 255 153 68 255 255 153 68 255 0 0 0 0 0 0 0 0 0 0 0 0
0 0 0 0 0 0 0 0 255 153 68 255 255 153 68 255 0 0 0 0 255 102 68 255 255 153 68 255 255 102 68 255 255 153 68 255 255 153 68 255 255 102 68 255 255 153 68 255 255 102 68 255 255 153 68 255 255 102 68 255 255 153 68 255 255 153 68 255 255 187 85 255 255 187 85 255 255 221 102 255 255 187 85 255 255 221 102 255 255 221 102 255 255 255 153 255 255 255 153 255 255 255 153 255 255 255 153 255 255 255 153 255 255 255 153 255 255 255 153 255 255 221 102 255 255 221 102 255 255 153 68 255 255 187 85 255 255 187 85 255 255 153 68 255 255 153 68 255 255 187 85 255 255 102 68 255 255 153 68 255 255 102 68 255 255 102 68 255 255 153 68 255 0 0 0 0 0 0 0 0
0 0 0 0 0 0 0 0 255 102 68 255 255 102 68 255 255 102 68 255 255 153 68 255 255 102 68 255 255 153 68 255 255 102 68 255 255 102 68 255 255 153 68 255 255 102 68 255 255 153 68 255 255 153 68 255 255 102 68 255 255 153 68 255 255 153 68 255 255 187 85 255 255 187 85 255 255 187 85 255 255 187 85 255 255 187 85 255 255 221 102 255 255 255 153 255 255 221 102 255 255 255 153 255 255 255 153 255 255 255 153 255 255 255 153 255 255 255 153 255 255 221 102 255 255 221 102 255 255 187 85 255 255 153 68 255 255 153 68 255 255 153 68 255 255 153 68 255 255 153 68 255 255 153 68 255 255 102 68 255 255 153 68 255 255 102 68 255 255 153 68 255 0 0 0 0 0 0 0 0
0 0 0 0 0 0 0 0 255 153 68 255 255 153 68 255 255 153 68 255 255 102 68 255 255 153 68 255 255 102 68 255 255 153 68 255 255 102 68 255 255 102 68 255 255 153 68 255 255 102 68 255 255 102 68 255 255 153 68 255 255 153 68 255 255 153 68 255 255 187 85 255 255 187 85 255 255 221 102 255 255 187 85 255 255 187 85 255 255 221 102 255 255 255 153 255 255 255 153 255 255 221 102 255 255 255 153 255 255 255 153 255 255 255 153 255 255 255 153 255 255 221 102 255 255 221 102 255 255 187 85 255 255 153 68 255 255 153 68 255 255 153 68 255 255 153 68 255 255 153 68 255 255 102 68 255 255 102 68 255 255 153 68 255 255 102 68 255 255 153 68 255 0 0 0 0 0 0 0 0
0 0 0 0 0 0 0 0 0 0 0 0 255 102 68 255 255 153 68 255 255 102 68 255 255 153 68 255 255 102 68 255 255 153 68 255 255 153 68 255 255 102 68 255 255 153 68 255 255 153 68 255 255 102 68 255 255 102 68 255 255 102 68 255 255 102 68 255 255 221 102 255 255 187 85 255 255 153 68 255 255 187 85 255 255 187 85 255 255 187 85 255 255 221 102 255 255 255 153 255 255 255 153 255 255 255 153 255 255 255 153 255 255 221 102 255 255 187 85 255 255 221 102 255 255 221 102 255 255 153 68 255 255 153 68 255 255 102 68 255 255 153 68 255 255 153 68 255 255 102 68 255 255 153 68 255 255 102 68 255 255 153 68 255 255 102 68 255 255 153 68 255 0 0 0 0 0 0 0 0
0 0 0 0 0 0 0 0 0 0 0 0 255 153 68 255 255 102 68 255 255 153 68 255 255 102 68 255 255 153 68 255 255 102 68 255 255 102 68 255 255 153 68 255 255 102 68 255 255 153 68 255 0 0 0 0 255 153 68 255 255 153 68 255 255 153 68 255 255 187 85 255 255 187 85 255 255 153 68 255 255 187 85 255 255 153 68 255 255 187 85 255 255 187 85 255 255 221 102 255 255 221 102 255 255 221 102 255 255 255 153 255 255 255 153 255 255 221 102 255 255 187 85 255 255 187 85 255 255 153 68 255 255 153 68 255 255 153 68 255 255 153 68 255 255 153 68 255 255 153 68 255 255 102 68 255 255 153 68 255 255 102 68 255 255 153 68 255 0 0 0 0 0 0 0 0 0 0 0 0
0 0 0 0 0 0 0 0 0 0 0 0 255 153 68 255 255 102 68 255 255 153 68 255 255 153 68 255 255 187 85 255 255 153 68 255 255 153 68 255 255 153 68 255 255 102 68 255 255 153 68 255 255 102 68 255 255 153 68 255 255 102 68 255 255 102 68 255 255 153 68 255 255 187 85 255 255 153 68 255 255 153 68 255 255 153 68 255 255 187 85 255 255 187 85 255 255 187 85 255 255 221 102 255 255 187 85 255 255 187 85 255 255 153 68 255 255 187 85 255 255 153 68 255 255 187 85 255 255 187 85 255 255 153 68 255 255 187 85 255 255 153 68 255 255 153 68 255 255 153 68 255 255 153 68 255 255 102 68 255 255 153 68 255 255 102 68 255 0 0 0 0 0 0 0 0 0 0 0 0
0 0 0 0 0 0 0 0 0 0 0 0 0 0 0 0 255 153 68 255 255 153 68 255 255 187 85 255 255 187 85 255 255 187 85 255 255 153 68 255 255 153 68 255 255 153 68 255 255 153 68 255 255 153 68 255 255 102 68 255 255 153 68 255 255 153 68 255 255 102 68 255 255 153 68 255 255 153 68 255 255 153 68 255 255 153 68 255 255 153 68 255 255 187 85 255 255 187 85 255 255 153 68 255 255 153 68 255 255 153 68 255 255 153 68 255 255 153 68 255 255 153 68 255 255 153 68 255 255 187 85 255 255 153 68 255 255 153 68 255 255 153 68 255 255 187 85 255 255 153 68 255 255 102 68 255 0 0 0 0 0 0 0 0 0 0 0 0 0 0 0 0 0 0 0 0 0 0 0 0
0 0 0 0 0 0 0 0 0 0 0 0 0 0 0 0 255 153 68 255 255 153 68 255 255 187 85 255 255 187 85 255 255 187 85 255 255 153 68 255 255 153 68 255 255 153 68 255 255 153 68 255 255 153 68 255 255 102 68 255 255 102 68 255 255 153 68 255 255 153 68 255 255 153 68 255 255 153 68 255 255 153 68 255 255 153 68 255 255 153 68 255 255 187 85 255 255 187 85 255 255 153 68 255 255 187 85 255 255 153 68 255 255 102 68 255 255 153 68 255 255 187 85 255 255 153 68 255 255 187 85 255 255 153 68 255 255 153 68 255 255 153 68 255 255 153 68 255 255 153 68 255 255 153 68 255 0 0 0 0 0 0 0 0 0 0 0 0 0 0 0 0 0 0 0 0 0 0 0 0
0 0 0 0 0 0 0 0 0 0 0 0 0 0 0 0 255 102 68 255 255 153 68 255 255 153 68 255 255 153 68 255 255 187 85 255 255 187 85 255 255 187 85 255 255 187 85 255 255 187 85 255 255 153 68 255 255 153 68 255 255 153 68 255 255 102 68 255 255 102 68 255 255 153 68 255 255 153 68 255 255 102 68 255 255 153 68 255 255 102 68 255 255 153 68 255 255 187 85 255 255 187 85 255 255 153 68 255 255 153 68 255 255 187 85 255 255 102 68 255 255 153 68 255 255 153 68 255 255 153 68 255 255 153 68 255 255 102 68 255 255 102 68 255 255 153 68 255 255 102 68 255 0 0 0 0 0 0 0 0 0 0 0 0 0 0 0 0 0 0 0 0 0 0 0 0 0 0 0 0
0 0 0 0 0 0 0 0 0 0 0 0 0 0 0 0 0 0 0 0 255 153 68 255 255 102 68 255 255 102 68 255 255 153 68 255 255 187 85 255 255 187 85 255 255 153 68 255 255 187 85 255 255 153 68 255 255 102 68 255 255 102 68 255 255 102 68 255 255 153 68 255 255 153 68 255 255 102 68 255 255 153 68 255 255 153 68 255 255 153 68 255 255 153 68 255 255 187 85 255 255 187 85 255 255 187 85 255 255 187 85 255 255 153 68 255 255 153 68 255 255 153 68 255 255 153 68 255 255 153 68 255 255 153 68 255 255 102 68 255 255 153 68 255 255 102 68 255 255 153 68 255 0 0 0 0 0 0 0 0 0 0 0 0 0 0 0 0 0 0 0 0 0 0 0 0 0 0 0 0
0 0 0 0 0 0 0 0 0 0 0 0 0 0 0 0 0 0 0 0 255 153 68 255 255 102 68 255 255 153 68 255 255 102 68 255 255 153 68 255 255 187 85 255 255 187 85 255 255 187 85 255 255 153 68 255 255 102 68 255 255 153 68 255 255 153 68 255 255 102 68 255 255 153 68 255 255 153 68 255 255 187 85 255 255 187 85 255 255 187 85 255 255 187 85 255 255 221 102 255 255 187 85 255 255 187 85 255 255 187 85 255 255 153 68 255 255 153 68 255 255 153 68 255 255 153 68 255 255 102 68 255 255 102 68 255 255 153 68 255 255 102 68 255 255 153 68 255 255 102 68 255 0 0 0 0 0 0 0 0 0 0 0 0 0 0 0 0 0 0 0 0 0 0 0 0 0 0 0 0
0 0 0 0 0 0 0 0 0 0 0 0 0 0 0 0 0 0 0 0 255 153 68 255 255 102 68 255 255 153 68 255 255 102 68 255 255 153 68 255 255 153 68 255 255 153 68 255 255 153 68 255 255 153 68 255 255 153 68 255 255 102 68 255 255 153 68 255 255 102 68 255 255 153 68 255 255 153 68 255 255 153 68 255 255 153 68 255 255 187 85 255 255 187 85 255 255 187 85 255 255 187 85 255 255 187 85 255 255 221 102 255 255 187 85 255 255 153 68 255 255 153 68 255 255 153 68 255 255 153 68 255 255 102 68 255 255 153 68 255 255 102 68 255 255 153 68 255 0 0 0 0 0 0 0 0 0 0 0 0 0 0 0 0 0 0 0 0 0 0 0 0 0 0 0 0 0 0 0 0
0 0 0 0 0 0 0 0 0 0 0 0 0 0 0 0 0 0 0 0 255 102 68 255 255 153 68 255 255 102 68 255 255 153 68 255 255 102 68 255 255 153 68 255 255 153 68 255 255 153 68 255 255 153 68 255 255 153 68 255 255 153 68 255 255 102 68 255 255 153 68 255 255 102 68 255 255 153 68 255 255 187 85 255 255 153 68 255 255 187 85 255 255 221 102 255 255 153 68 255 255 221 102 255 255 187 85 255 255 187 85 255 255 187 85 255 255 153 68 255 255 153 68 255 255 153 68 255 255 102 68 255 255 153 68 255 255 102 68 255 255 153 68 255 255 102 68 255 0 0 0 0 0 0 0 0 0 0 0 0 0 0 0 0 0 0 0 0 0 0 0 0 0 0 0 0 0 0 0 0
0 0 0 0 0 0 0 0 0 0 0 0 0 0 0 0 0 0 0 0 0 0 0 0 0 0 0 0 255 153 68 255 255 102 68 255 255 153 68 255 255 102 68 255 255 153 68 255 255 102 68 255 255 153 68 255 255 153 68 255 255 153 68 255 255 102 68 255 255 153 68 255 255 102 68 255 255 153 68 255 255 102 68 255 255 153 68 255 255 153 68 255 255 153 68 255 255 153 68 255 255 221 102 255 255 221 102 255 255 255 153 255 255 221 102 255 255 187 85 255 255 153 68 255 255 153 68 255 255 153 68 255 255 102 68 255 255 153 68 255 0 0 0 0 0 0 0 0 0 0 0 0 0 0 0 0 0 0 0 0 0 0 0 0 0 0 0 0 0 0 0 0 0 0 0 0 0 0 0 0
0 0 0 0 0 0 0 0 0 0 0 0 0 0 0 0 0 0 0 0 0 0 0 0 0 0 0 0 0 0 0 0 0 0 0 0 0 0 0 0 0 0 0 0 0 0 0 0 0 0 0 0 255 153 68 255 255 102 68 255 255 102 68 255 255 153 68 255 255 102 68 255 255 153 68 255 255 102 68 255 255 153 68 255 255 102 68 255 255 153 68 255 255 153 68 255 255 153 68 255 255 221 102 255 255 187 85 255 255 255 153 255 255 221 102 255 255 187 85 255 255 102 68 255 255 153 68 255 255 102 68 255 255 153 68 255 0 0 0 0 0 0 0 0 0 0 0 0 0 0 0 0 0 0 0 0 0 0 0 0 0 0 0 0 0 0 0 0 0 0 0 0 0 0 0 0 0 0 0 0
0 0 0 0 0 0 0 0 0 0 0 0 0 0 0 0 0 0 0 0 0 0 0 0 0 0 0 0 0 0 0 0 0 0 0 0 0 0 0 0 0 0 0 0 0 0 0 0 0 0 0 0 255 102 68 255 255 153 68 255 255 102 68 255 255 153 68 255 255 102 68 255 255 102 68 255 255 153 68 255 255 102 68 255 255 153 68 255 255 153 68 255 255 153 68 255 255 187 85 255 255 187 85 255 255 221 102 255 255 187 85 255 255 187 85 255 255 102 68 255 255 153 68 255 255 102 68 255 0 0 0 0 0 0 0 0 0 0 0 0 0 0 0 0 0 0 0 0 0 0 0 0 0 0 0 0 0 0 0 0 0 0 0 0 0 0 0 0 0 0 0 0 0 0 0 0 0 0 0 0
0 0 0 0 0 0 0 0 0 0 0 0 0 0 0 0 0 0 0 0 0 0 0 0 0 0 0 0 0 0 0 0 0 0 0 0 0 0 0 0 0 0 0 0 0 0 0 0 0 0 0 0 0 0 0 0 0 0 0 0 255 102 68 255 255 153 68 255 255 102 68 255 255 153 68 255 255 102 68 255 255 153 68 255 255 102 68 255 255 153 68 255 255 153 68 255 255 153 68 255 255 187 85 255 255 153 68 255 255 153 68 255 255 153 68 255 0 0 0 0 0 0 0 0 0 0 0 0 0 0 0 0 0 0 0 0 0 0 0 0 0 0 0 0 0 0 0 0 0 0 0 0 0 0 0 0 0 0 0 0 0 0 0 0 0 0 0 0 0 0 0 0 0 0 0 0 0 0 0 0
0 0 0 0 0 0 0 0 0 0 0 0 0 0 0 0 0 0 0 0 0 0 0 0 0 0 0 0 0 0 0 0 0 0 0 0 0 0 0 0 0 0 0 0 0 0 0 0 0 0 0 0 0 0 0 0 0 0 0 0 255 153 68 255 255 102 68 255 255 153 68 255 255 102 68 255 255 102 68 255 255 153 68 255 255 102 68 255 255 153 68 255 255 153 68 255 255 187 85 255 255 153 68 255 255 187 85 255 255 153 68 255 255 102 68 255 0 0 0 0 0 0 0 0 0 0 0 0 0 0 0 0 0 0 0 0 0 0 0 0 0 0 0 0 0 0 0 0 0 0 0 0 0 0 0 0 0 0 0 0 0 0 0 0 0 0 0 0 0 0 0 0 0 0 0 0 0 0 0 0
0 0 0 0 0 0 0 0 0 0 0 0 0 0 0 0 0 0 0 0 0 0 0 0 0 0 0 0 0 0 0 0 0 0 0 0 0 0 0 0 0 0 0 0 0 0 0 0 0 0 0 0 0 0 0 0 0 0 0 0 0 0 0 0 0 0 0 0 255 153 68 255 255 102 68 255 255 153 68 255 255 153 68 255 255 153 68 255 255 153 68 255 255 102 68 255 255 102 68 255 255 153 68 255 255 102 68 255 255 102 68 255 0 0 0 0 0 0 0 0 0 0 0 0 0 0 0 0 0 0 0 0 0 0 0 0 0 0 0 0 0 0 0 0 0 0 0 0 0 0 0 0 0 0 0 0 0 0 0 0 0 0 0 0 0 0 0 0 0 0 0 0 0 0 0 0 0 0 0 0
0 0 0 0 0 0 0 0 0 0 0 0 0 0 0 0 0 0 0 0 0 0 0 0 0 0 0 0 0 0 0 0 0 0 0 0 0 0 0 0 0 0 0 0 0 0 0 0 0 0 0 0 0 0 0 0 0 0 0 0 0 0 0 0 0 0 0 0 0 0 0 0 255 153 68 255 255 102 68 255 255 102 68 255 255 153 68 255 255 102 68 255 0 0 0 0 0 0 0 0 0 0 0 0 0 0 0 0 0 0 0 0 0 0 0 0 0 0 0 0 0 0 0 0 0 0 0 0 0 0 0 0 0 0 0 0 0 0 0 0 0 0 0 0 0 0 0 0 0 0 0 0 0 0 0 0 0 0 0 0 0 0 0 0 0 0 0 0 0 0 0 0 0 0 0 0 0 0 0 0
0 0 0 0 0 0 0 0 0 0 0 0 0 0 0 0 0 0 0 0 0 0 0 0 0 0 0 0 0 0 0 0 0 0 0 0 0 0 0 0 0 0 0 0 0 0 0 0 0 0 0 0 0 0 0 0 0 0 0 0 0 0 0 0 0 0 0 0 0 0 0 0 255 102 68 255 0 0 0 0 0 0 0 0 0 0 0 0 0 0 0 0 0 0 0 0 0 0 0 0 0 0 0 0 0 0 0 0 0 0 0 0 0 0 0 0 0 0 0 0 0 0 0 0 0 0 0 0 0 0 0 0 0 0 0 0 0 0 0 0 0 0 0 0 0 0 0 0 0 0 0 0 0 0 0 0 0 0 0 0 0 0 0 0 0 0 0 0 0 0 0 0 0 0 0 0 0 0 0 0
