18 19 20 18 19 20 18 19 20 18 19 20 18 19 20 18 19 20 18 19 20 18 19 20 18 19 20 18 19 20 18 19 20 18 19 20 18 19 20 18 19 20 18 19 20 0 0 0 0 0 0 18 19 20 18 19 20 18 19 20 18 19 20 18 19 20 18 19 20 18 19 20 18 19 20 18 19 20 18 19 20 18 19 20 18 19 20 18 19 20 18 19 20 18 19 20
18 19 20 18 19 20 18 19 20 18 19 20 18 19 20 18 19 20 18 19 20 18 19 20 18 19 20 18 19 20 0 0 0 0 0 0 18 19 20 18 19 20 0 0 0 77 155 230 143 211 255 0 0 0 18 19 20 18 19 20 0 0 0 0 0 0 18 19 20 18 19 20 18 19 20 18 19 20 18 19 20 18 19 20 18 19 20 18 19 20 18 19 20 18 19 20
18 19 20 18 19 20 18 19 20 18 19 20 18 19 20 18 19 20 18 19 20 18 19 20 18 19 20 18 19 20 0 0 0 49 54 56 0 0 0 0 0 0 77 101 180 77 155 230 143 211 255 77 155 230 0 0 0 0 0 0 55 78 74 0 0 0 18 19 20 18 19 20 18 19 20 18 19 20 18 19 20 18 19 20 18 19 20 18 19 20 18 19 20 18 19 20
18 19 20 18 19 20 18 19 20 18 19 20 18 19 20 18 19 20 18 19 20 18 19 20 18 19 20 18 19 20 0 0 0 49 54 56 0 0 0 77 101 180 77 101 180 77 155 230 143 211 255 77 155 230 77 155 230 0 0 0 55 78 74 0 0 0 18 19 20 18 19 20 18 19 20 18 19 20 18 19 20 18 19 20 18 19 20 18 19 20 18 19 20 18 19 20
18 19 20 18 19 20 18 19 20 18 19 20 18 19 20 18 19 20 18 19 20 18 19 20 18 19 20 18 19 20 0 0 0 49 54 56 0 0 0 77 101 180 77 101 180 0 0 0 0 0 0 77 155 230 77 155 230 0 0 0 55 78 74 0 0 0 18 19 20 18 19 20 18 19 20 18 19 20 18 19 20 18 19 20 18 19 20 18 19 20 18 19 20 18 19 20
18 19 20 18 19 20 18 19 20 18 19 20 18 19 20 18 19 20 18 19 20 18 19 20 18 19 20 18 19 20 0 0 0 49 54 56 0 0 0 77 101 180 0 0 0 84 126 100 178 186 144 0 0 0 77 155 230 0 0 0 55 78 74 0 0 0 18 19 20 18 19 20 18 19 20 18 19 20 18 19 20 18 19 20 18 19 20 18 19 20 18 19 20 18 19 20
18 19 20 18 19 20 18 19 20 18 19 20 18 19 20 18 19 20 18 19 20 18 19 20 18 19 20 0 0 0 23 26 27 49 54 56 110 39 39 0 0 0 55 78 74 84 126 100 178 186 144 146 169 132 0 0 0 179 56 49 55 78 74 49 54 56 0 0 0 18 19 20 18 19 20 18 19 20 18 19 20 18 19 20 18 19 20 18 19 20 18 19 20 18 19 20
18 19 20 18 19 20 18 19 20 18 19 20 18 19 20 18 19 20 18 19 20 18 19 20 0 0 0 0 0 0 23 26 27 49 54 56 110 39 39 0 0 0 55 78 74 84 126 100 178 186 144 146 169 132 0 0 0 179 56 49 55 78 74 49 54 56 0 0 0 0 0 0 18 19 20 18 19 20 18 19 20 18 19 20 18 19 20 18 19 20 18 19 20 18 19 20
18 19 20 18 19 20 18 19 20 18 19 20 18 19 20 18 19 20 18 19 20 0 0 0 46 34 47 0 0 0 23 26 27 49 54 56 110 39 39 0 0 0 55 78 74 0 0 0 0 0 0 146 169 132 0 0 0 179 56 49 55 78 74 49 54 56 0 0 0 46 34 47 0 0 0 18 19 20 18 19 20 18 19 20 18 19 20 18 19 20 18 19 20 18 19 20
18 19 20 18 19 20 18 19 20 18 19 20 18 19 20 18 19 20 0 0 0 62 53 70 46 34 47 0 0 0 23 26 27 49 54 56 110 39 39 0 0 0 0 0 0 77 101 180 143 211 255 0 0 0 0 0 0 179 56 49 55 78 74 49 54 56 0 0 0 46 34 47 62 53 70 0 0 0 18 19 20 18 19 20 18 19 20 18 19 20 18 19 20 18 19 20
18 19 20 18 19 20 18 19 20 18 19 20 18 19 20 0 0 0 62 53 70 62 53 70 46 34 47 0 0 0 23 26 27 49 54 56 110 39 39 0 0 0 77 101 180 77 155 230 143 211 255 77 155 230 0 0 0 179 56 49 55 78 74 49 54 56 0 0 0 46 34 47 62 53 70 62 53 70 0 0 0 18 19 20 18 19 20 18 19 20 18 19 20 18 19 20
18 19 20 18 19 20 18 19 20 18 19 20 0 0 0 98 85 101 62 53 70 46 34 47 0 0 0 23 26 27 49 54 56 49 54 56 110 39 39 0 0 0 77 101 180 77 155 230 143 211 255 77 155 230 0 0 0 179 56 49 55 78 74 55 78 74 49 54 56 0 0 0 46 34 47 62 53 70 98 85 101 0 0 0 18 19 20 18 19 20 18 19 20 18 19 20
18 19 20 18 19 20 18 19 20 0 0 0 62 53 70 98 85 101 62 53 70 46 34 47 0 0 0 23 26 27 49 54 56 49 54 56 110 39 39 0 0 0 77 101 180 77 155 230 143 211 255 77 155 230 0 0 0 179 56 49 55 78 74 55 78 74 49 54 56 0 0 0 46 34 47 62 53 70 98 85 101 62 53 70 0 0 0 18 19 20 18 19 20 18 19 20
18 19 20 18 19 20 0 0 0 98 85 101 62 53 70 98 85 101 62 53 70 46 34 47 0 0 0 23 26 27 49 54 56 49 54 56 110 39 39 0 0 0 77 101 180 77 155 230 143 211 255 77 155 230 0 0 0 179 56 49 55 78 74 55 78 74 49 54 56 0 0 0 46 34 47 62 53 70 98 85 101 62 53 70 98 85 101 0 0 0 18 19 20 18 19 20
18 19 20 0 0 0 62 53 70 98 85 101 62 53 70 98 85 101 62 53 70 46 34 47 0 0 0 23 26 27 49 54 56 110 39 39 0 0 0 55 78 74 0 0 0 77 101 180 143 211 255 0 0 0 84 126 100 0 0 0 179 56 49 55 78 74 49 54 56 0 0 0 46 34 47 62 53 70 98 85 101 62 53 70 98 85 101 62 53 70 0 0 0 18 19 20
0 0 0 98 85 101 62 53 70 98 85 101 62 53 70 98 85 101 62 53 70 46 34 47 0 0 0 23 26 27 49 54 56 110 39 39 0 0 0 55 78 74 55 78 74 0 0 0 0 0 0 146 169 132 84 126 100 0 0 0 179 56 49 55 78 74 49 54 56 0 0 0 46 34 47 62 53 70 98 85 101 62 53 70 98 85 101 62 53 70 98 85 101 0 0 0
0 0 0 98 85 101 62 53 70 98 85 101 62 53 70 62 53 70 46 34 47 0 0 0 23 26 27 49 54 56 49 54 56 110 39 39 0 0 0 55 78 74 55 78 74 84 126 100 178 186 144 146 169 132 84 126 100 0 0 0 179 56 49 55 78 74 55 78 74 49 54 56 0 0 0 46 34 47 62 53 70 62 53 70 98 85 101 62 53 70 98 85 101 0 0 0
0 0 0 98 85 101 62 53 70 98 85 101 62 53 70 62 53 70 46 34 47 0 0 0 23 26 27 49 54 56 49 54 56 110 39 39 0 0 0 55 78 74 55 78 74 84 126 100 178 186 144 146 169 132 84 126 100 0 0 0 179 56 49 55 78 74 55 78 74 49 54 56 0 0 0 46 34 47 62 53 70 62 53 70 98 85 101 62 53 70 98 85 101 0 0 0
0 0 0 98 85 101 62 53 70 98 85 101 62 53 70 62 53 70 46 34 47 0 0 0 23 26 27 49 54 56 110 39 39 0 0 0 55 78 74 55 78 74 55 78 74 84 126 100 178 186 144 146 169 132 84 126 100 84 126 100 0 0 0 179 56 49 55 78 74 49 54 56 0 0 0 46 34 47 62 53 70 62 53 70 98 85 101 62 53 70 98 85 101 0 0 0
0 0 0 98 85 101 62 53 70 98 85 101 62 53 70 46 34 47 0 0 0 23 26 27 49 54 56 49 54 56 110 39 39 0 0 0 55 78 74 55 78 74 55 78 74 84 126 100 178 186 144 146 169 132 84 126 100 84 126 100 0 0 0 179 56 49 55 78 74 55 78 74 49 54 56 0 0 0 46 34 47 62 53 70 98 85 101 62 53 70 98 85 101 0 0 0
0 0 0 98 85 101 62 53 70 62 53 70 62 53 70 46 34 47 0 0 0 23 26 27 49 54 56 49 54 56 110 39 39 0 0 0 55 78 74 55 78 74 55 78 74 84 126 100 178 186 144 146 169 132 84 126 100 84 126 100 0 0 0 179 56 49 55 78 74 55 78 74 49 54 56 0 0 0 46 34 47 62 53 70 62 53 70 62 53 70 98 85 101 0 0 0
0 0 0 62 53 70 62 53 70 46 34 47 0 0 0 46 34 47 0 0 0 23 26 27 23 26 27 23 26 27 0 0 0 0 0 0 49 54 56 49 54 56 55 78 74 55 78 74 178 186 144 146 169 132 84 126 100 49 54 56 0 0 0 0 0 0 49 54 56 49 54 56 49 54 56 0 0 0 46 34 47 0 0 0 46 34 47 62 53 70 62 53 70 0 0 0
0 0 0 46 34 47 0 0 0 46 34 47 0 0 0 46 34 47 0 0 0 0 0 0 0 0 0 0 0 0 62 53 70 62 53 70 0 0 0 49 54 56 49 54 56 49 54 56 55 78 74 55 78 74 49 54 56 0 0 0 62 53 70 62 53 70 0 0 0 0 0 0 0 0 0 0 0 0 46 34 47 0 0 0 46 34 47 0 0 0 46 34 47 0 0 0
0 0 0 46 34 47 0 0 0 46 34 47 0 0 0 0 0 0 18 19 20 18 19 20 0 0 0 62 53 70 98 85 101 98 85 101 62 53 70 0 0 0 49 54 56 0 0 0 0 0 0 55 78 74 0 0 0 62 53 70 98 85 101 98 85 101 98 85 101 0 0 0 18 19 20 18 19 20 0 0 0 0 0 0 46 34 47 0 0 0 46 34 47 0 0 0
0 0 0 46 34 47 0 0 0 0 0 0 18 19 20 18 19 20 18 19 20 0 0 0 62 53 70 98 85 101 98 85 101 98 85 101 62 53 70 0 0 0 0 0 0 62 53 70 62 53 70 0 0 0 0 0 0 62 53 70 98 85 101 98 85 101 98 85 101 98 85 101 0 0 0 18 19 20 18 19 20 18 19 20 0 0 0 0 0 0 46 34 47 0 0 0
0 0 0 0 0 0 18 19 20 18 19 20 18 19 20 18 19 20 18 19 20 0 0 0 46 34 47 62 53 70 62 53 70 46 34 47 0 0 0 0 0 0 62 53 70 62 53 70 98 85 101 98 85 101 0 0 0 0 0 0 46 34 47 62 53 70 62 53 70 62 53 70 0 0 0 18 19 20 18 19 20 18 19 20 18 19 20 18 19 20 0 0 0 0 0 0
18 19 20 18 19 20 18 19 20 18 19 20 18 19 20 18 19 20 18 19 20 0 0 0 62 53 70 98 85 101 98 85 101 0 0 0 249 194 43 0 0 0 62 53 70 62 53 70 98 85 101 98 85 101 0 0 0 249 194 43 0 0 0 98 85 101 98 85 101 98 85 101 0 0 0 18 19 20 18 19 20 18 19 20 18 19 20 18 19 20 18 19 20 18 19 20
18 19 20 18 19 20 18 19 20 18 19 20 18 19 20 18 19 20 18 19 20 0 0 0 0 0 0 0 0 0 0 0 0 249 194 43 0 0 0 46 34 47 46 34 47 46 34 47 62 53 70 62 53 70 62 53 70 0 0 0 249 194 43 0 0 0 0 0 0 0 0 0 0 0 0 18 19 20 18 19 20 18 19 20 18 19 20 18 19 20 18 19 20 18 19 20
18 19 20 18 19 20 18 19 20 18 19 20 18 19 20 18 19 20 18 19 20 247 150 23 247 150 23 249 194 43 249 194 43 249 194 43 0 0 0 62 53 70 62 53 70 62 53 70 98 85 101 98 85 101 98 85 101 0 0 0 247 150 23 249 194 43 249 194 43 249 194 43 247 150 23 18 19 20 18 19 20 18 19 20 18 19 20 18 19 20 18 19 20 18 19 20
18 19 20 18 19 20 18 19 20 18 19 20 18 19 20 18 19 20 18 19 20 18 19 20 247 150 23 247 150 23 249 194 43 247 150 23 0 0 0 0 0 0 0 0 0 0 0 0 0 0 0 0 0 0 0 0 0 0 0 0 247 150 23 247 150 23 249 194 43 247 150 23 18 19 20 18 19 20 18 19 20 18 19 20 18 19 20 18 19 20 18 19 20 18 19 20
18 19 20 18 19 20 18 19 20 18 19 20 18 19 20 18 19 20 18 19 20 18 19 20 247 150 23 247 150 23 247 150 23 247 150 23 18 19 20 247 150 23 247 150 23 249 194 43 249 194 43 249 194 43 247 150 23 18 19 20 247 150 23 247 150 23 247 150 23 247 150 23 18 19 20 18 19 20 18 19 20 18 19 20 18 19 20 18 19 20 18 19 20 18 19 20
18 19 20 18 19 20 18 19 20 18 19 20 18 19 20 18 19 20 18 19 20 18 19 20 18 19 20 247 150 23 247 150 23 18 19 20 18 19 20 18 19 20 247 150 23 247 150 23 249 194 43 247 150 23 18 19 20 18 19 20 18 19 20 247 150 23 247 150 23 18 19 20 18 19 20 18 19 20 18 19 20 18 19 20 18 19 20 18 19 20 18 19 20 18 19 20
18 19 20 18 19 20 18 19 20 18 19 20 18 19 20 18 19 20 18 19 20 18 19 20 18 19 20 18 19 20 18 19 20 18 19 20 18 19 20 18 19 20 247 150 23 247 150 23 247 150 23 247 150 23 18 19 20 18 19 20 18 19 20 18 19 20 18 19 20 18 19 20 18 19 20 18 19 20 18 19 20 18 19 20 18 19 20 18 19 20 18 19 20 18 19 20
18 19 20 18 19 20 18 19 20 18 19 20 18 19 20 18 19 20 18 19 20 18 19 20 18 19 20 18 19 20 18 19 20 18 19 20 18 19 20 18 19 20 18 19 20 247 150 23 247 150 23 18 19 20 249 194 43 18 19 20 18 19 20 18 19 20 18 19 20 18 19 20 18 19 20 18 19 20 18 19 20 18 19 20 18 19 20 18 19 20 18 19 20 18 19 20
18 19 20 18 19 20 18 19 20 18 19 20 18 19 20 18 19 20 18 19 20 18 19 20 18 19 20 18 19 20 18 19 20 18 19 20 18 19 20 18 19 20 18 19 20 18 19 20 18 19 20 18 19 20 249 194 43 18 19 20 18 19 20 18 19 20 18 19 20 18 19 20 18 19 20 18 19 20 18 19 20 18 19 20 18 19 20 18 19 20 18 19 20 18 19 20
