0 0 0 0 0 0 0 0 0 0 0 0 0 0 0 0 0 0 0 0 0 0 0 0 0 0 0 0 0 0 0 0 0 0 0 0 0 0 0 0 0 0 0 0 0 0 0 0 0 0 0 0 0 0 0 0 0 0 0 0 0 0 0 255 0 0 0 255 0 0 0 0 0 0 0 0 0 0 0 0 0 0 0 0 0 0 0 0 0 0 0 0 0 0 0 0 0 0 0 0 0 0 0 0 0 0 0 0 0 0 0 0 0 0 0 0 0 0 0 0 0 0 0 0 0 0 0 0
0 0 0 0 0 0 0 0 0 0 0 0 0 0 0 0 0 0 0 0 0 0 0 0 0 0 0 0 0 0 0 0 0 0 0 0 0 0 0 0 0 0 0 255 0 0 0 255 0 0 0 0 0 0 0 0 0 0 0 255 77 155 230 255 143 211 255 255 0 0 0 255 0 0 0 0 0 0 0 0 0 0 0 255 0 0 0 255 0 0 0 0 0 0 0 0 0 0 0 0 0 0 0 0 0 0 0 0 0 0 0 0 0 0 0 0 0 0 0 0 0 0 0 0 0 0 0 0
0 0 0 0 0 0 0 0 0 0 0 0 0 0 0 0 0 0 0 0 0 0 0 0 0 0 0 0 0 0 0 0 0 0 0 0 0 0 0 0 0 0 0 255 49 54 56 255 0 0 0 255 0 0 0 255 77 101 180 255 77 155 230 255 143 211 255 255 77 155 230 255 0 0 0 255 0 0 0 255 55 78 74 255 0 0 0 255 0 0 0 0 0 0 0 0 0 0 0 0 0 0 0 0 0 0 0 0 0 0 0 0 0 0 0 0 0 0 0 0 0 0 0 0 0 0 0 0
0 0 0 0 0 0 0 0 0 0 0 0 0 0 0 0 0 0 0 0 0 0 0 0 0 0 0 0 0 0 0 0 0 0 0 0 0 0 0 0 0 0 0 255 49 54 56 255 0 0 0 255 77 101 180 255 77 101 180 255 77 155 230 255 143 211 255 255 77 155 230 255 77 155 230 255 0 0 0 255 55 78 74 255 0 0 0 255 0 0 0 0 0 0 0 0 0 0 0 0 0 0 0 0 0 0 0 0 0 0 0 0 0 0 0 0 0 0 0 0 0 0 0 0 0 0 0 0
0 0 0 0 0 0 0 0 0 0 0 0 0 0 0 0 0 0 0 0 0 0 0 0 0 0 0 0 0 0 0 0 0 0 0 0 0 0 0 0 0 0 0 255 49 54 56 255 0 0 0 255 77 101 180 255 77 101 180 255 0 0 0 255 0 0 0 255 77 155 230 255 77 155 230 255 0 0 0 255 55 78 74 255 0 0 0 255 0 0 0 0 0 0 0 0 0 0 0 0 0 0 0 0 0 0 0 0 0 0 0 0 0 0 0 0 0 0 0 0 0 0 0 0 0 0 0 0
0 0 0 0 0 0 0 0 0 0 0 0 0 0 0 0 0 0 0 0 0 0 0 0 0 0 0 0 0 0 0 0 0 0 0 0 0 0 0 0 0 0 0 255 49 54 56 255 0 0 0 255 77 101 180 255 0 0 0 255 84 126 100 255 178 186 144 255 0 0 0 255 77 155 230 255 0 0 0 255 55 78 74 255 0 0 0 255 0 0 0 0 0 0 0 0 0 0 0 0 0 0 0 0 0 0 0 0 0 0 0 0 0 0 0 0 0 0 0 0 0 0 0 0 0 0 0 0
0 0 0 0 0 0 0 0 0 0 0 0 0 0 0 0 0 0 0 0 0 0 0 0 0 0 0 0 0 0 0 0 0 0 0 0 0 0 0 255 23 26 27 255 49 54 56 255 110 39 39 255 0 0 0 255 55 78 74 255 84 126 100 255 178 186 144 255 146 169 132 255 0 0 0 255 179 56 49 255 55 78 74 255 49 54 56 255 0 0 0 255 0 0 0 0 0 0 0 0 0 0 0 0 0 0 0 0 0 0 0 0 0 0 0 0 0 0 0 0 0 0 0 0 0 0 0 0
0 0 0 0 0 0 0 0 0 0 0 0 0 0 0 0 0 0 0 0 0 0 0 0 0 0 0 0 0 0 0 0 0 0 0 255 0 0 0 255 23 26 27 255 49 54 56 255 110 39 39 255 0 0 0 255 55 78 74 255 84 126 100 255 178 186 144 255 146 169 132 255 0 0 0 255 179 56 49 255 55 78 74 255 49 54 56 255 0 0 0 255 0 0 0 255 0 0 0 0 0 0 0 0 0 0 0 0 0 0 0 0 0 0 0 0 0 0 0 0 0 0 0 0 0 0 0 0
0 0 0 0 0 0 0 0 0 0 0 0 0 0 0 0 0 0 0 0 0 0 0 0 0 0 0 0 0 0 0 255 46 34 47 255 0 0 0 255 23 26 27 255 49 54 56 255 110 39 39 255 0 0 0 255 55 78 74 255 0 0 0 255 0 0 0 255 146 169 132 255 0 0 0 255 179 56 49 255 55 78 74 255 49 54 56 255 0 0 0 255 46 34 47 255 0 0 0 255 0 0 0 0 0 0 0 0 0 0 0 0 0 0 0 0 0 0 0 0 0 0 0 0 0 0 0 0
0 0 0 0 0 0 0 0 0 0 0 0 0 0 0 0 0 0 0 0 0 0 0 0 0 0 0 255 62 53 70 255 46 34 47 255 0 0 0 255 23 26 27 255 49 54 56 255 110 39 39 255 0 0 0 255 0 0 0 255 77 101 180 255 143 211 255 255 0 0 0 255 0 0 0 255 179 56 49 255 55 78 74 255 49 54 56 255 0 0 0 255 46 34 47 255 62 53 70 255 0 0 0 255 0 0 0 0 0 0 0 0 0 0 0 0 0 0 0 0 0 0 0 0 0 0 0 0
0 0 0 0 0 0 0 0 0 0 0 0 0 0 0 0 0 0 0 0 0 0 0 255 62 53 70 255 62 53 70 255 46 34 47 255 0 0 0 255 23 26 27 255 49 54 56 255 110 39 39 255 0 0 0 255 77 101 180 255 77 155 230 255 143 211 255 255 77 155 230 255 0 0 0 255 179 56 49 255 55 78 74 255 49 54 56 255 0 0 0 255 46 34 47 255 62 53 70 255 62 53 70 255 0 0 0 255 0 0 0 0 0 0 0 0 0 0 0 0 0 0 0 0 0 0 0 0
0 0 0 0 0 0 0 0 0 0 0 0 0 0 0 0 0 0 0 255 98 85 101 255 62 53 70 255 46 34 47 255 0 0 0 255 23 26 27 255 49 54 56 255 49 54 56 255 110 39 39 255 0 0 0 255 77 101 180 255 77 155 230 255 143 211 255 255 77 155 230 255 0 0 0 255 179 56 49 255 55 78 74 255 55 78 74 255 49 54 56 255 0 0 0 255 46 34 47 255 62 53 70 255 98 85 101 255 0 0 0 255 0 0 0 0 0 0 0 0 0 0 0 0 0 0 0 0
0 0 0 0 0 0 0 0 0 0 0 0 0 0 0 255 62 53 70 255 98 85 101 255 62 53 70 255 46 34 47 255 0 0 0 255 23 26 27 255 49 54 56 255 49 54 56 255 110 39 39 255 0 0 0 255 77 101 180 255 77 155 230 255 143 211 255 255 77 155 230 255 0 0 0 255 179 56 49 255 55 78 74 255 55 78 74 255 49 54 56 255 0 0 0 255 46 34 47 255 62 53 70 255 98 85 101 255 62 53 70 255 0 0 0 255 0 0 0 0 0 0 0 0 0 0 0 0
0 0 0 0 0 0 0 0 0 0 0 255 98 85 101 255 62 53 70 255 98 85 101 255 62 53 70 255 46 34 47 255 0 0 0 255 23 26 27 255 49 54 56 255 49 54 56 255 110 39 39 255 0 0 0 255 77 101 180 255 77 155 230 255 143 211 255 255 77 155 230 255 0 0 0 255 179 56 49 255 55 78 74 255 55 78 74 255 49 54 56 255 0 0 0 255 46 34 47 255 62 53 70 255 98 85 101 255 62 53 70 255 98 85 101 255 0 0 0 255 0 0 0 0 0 0 0 0
0 0 0 0 0 0 0 255 62 53 70 255 98 85 101 255 62 53 70 255 98 85 101 255 62 53 70 255 46 34 47 255 0 0 0 255 23 26 27 255 49 54 56 255 110 39 39 255 0 0 0 255 55 78 74 255 0 0 0 255 77 101 180 255 143 211 255 255 0 0 0 255 84 126 100 255 0 0 0 255 179 56 49 255 55 78 74 255 49 54 56 255 0 0 0 255 46 34 47 255 62 53 70 255 98 85 101 255 62 53 70 255 98 85 101 255 62 53 70 255 0 0 0 255 0 0 0 0
0 0 0 255 98 85 101 255 62 53 70 255 98 85 101 255 62 53 70 255 98 85 101 255 62 53 70 255 46 34 47 255 0 0 0 255 23 26 27 255 49 54 56 255 110 39 39 255 0 0 0 255 55 78 74 255 55 78 74 255 0 0 0 255 0 0 0 255 146 169 132 255 84 126 100 255 0 0 0 255 179 56 49 255 55 78 74 255 49 54 56 255 0 0 0 255 46 34 47 255 62 53 70 255 98 85 101 255 62 53 70 255 98 85 101 255 62 53 70 255 98 85 101 255 0 0 0 255
0 0 0 255 98 85 101 255 62 53 70 255 98 85 101 255 62 53 70 255 62 53 70 255 46 34 47 255 0 0 0 255 23 26 27 255 49 54 56 255 49 54 56 255 110 39 39 255 0 0 0 255 55 78 74 255 55 78 74 255 84 126 100 255 178 186 144 255 146 169 132 255 84 126 100 255 0 0 0 255 179 56 49 255 55 78 74 255 55 78 74 255 49 54 56 255 0 0 0 255 46 34 47 255 62 53 70 255 62 53 70 255 98 85 101 255 62 53 70 255 98 85 101 255 0 0 0 255
0 0 0 255 98 85 101 255 62 53 70 255 98 85 101 255 62 53 70 255 62 53 70 255 46 34 47 255 0 0 0 255 23 26 27 255 49 54 56 255 49 54 56 255 110 39 39 255 0 0 0 255 55 78 74 255 55 78 74 255 84 126 100 255 178 186 144 255 146 169 132 255 84 126 100 255 0 0 0 255 179 56 49 255 55 78 74 255 55 78 74 255 49 54 56 255 0 0 0 255 46 34 47 255 62 53 70 255 62 53 70 255 98 85 101 255 62 53 70 255 98 85 101 255 0 0 0 255
0 0 0 255 98 85 101 255 62 53 70 255 98 85 101 255 62 53 70 255 62 53 70 255 46 34 47 255 0 0 0 255 23 26 27 255 49 54 56 255 110 39 39 255 0 0 0 255 55 78 74 255 55 78 74 255 55 78 74 255 84 126 100 255 178 186 144 255 146 169 132 255 84 126 100 255 84 126 100 255 0 0 0 255 179 56 49 255 55 78 74 255 49 54 56 255 0 0 0 255 46 34 47 255 62 53 70 255 62 53 70 255 98 85 101 255 62 53 70 255 98 85 101 255 0 0 0 255
0 0 0 255 98 85 101 255 62 53 70 255 98 85 101 255 62 53 70 255 46 34 47 255 0 0 0 255 23 26 27 255 49 54 56 255 49 54 56 255 110 39 39 255 0 0 0 255 55 78 74 255 55 78 74 255 55 78 74 255 84 126 100 255 178 186 144 255 146 169 132 255 84 126 100 255 84 126 100 255 0 0 0 255 179 56 49 255 55 78 74 255 55 78 74 255 49 54 56 255 0 0 0 255 46 34 47 255 62 53 70 255 98 85 101 255 62 53 70 255 98 85 101 255 0 0 0 255
0 0 0 255 98 85 101 255 62 53 70 255 62 53 70 255 62 53 70 255 46 34 47 255 0 0 0 255 23 26 27 255 49 54 56 255 49 54 56 255 110 39 39 255 0 0 0 255 55 78 74 255 55 78 74 255 55 78 74 255 84 126 100 255 178 186 144 255 146 169 132 255 84 126 100 255 84 126 100 255 0 0 0 255 179 56 49 255 55 78 74 255 55 78 74 255 49 54 56 255 0 0 0 255 46 34 47 255 62 53 70 255 62 53 70 255 62 53 70 255 98 85 101 255 0 0 0 255
0 0 0 255 62 53 70 255 62 53 70 255 46 34 47 255 0 0 0 255 46 34 47 255 0 0 0 255 23 26 27 255 23 26 27 255 23 26 27 255 0 0 0 255 0 0 0 255 49 54 56 255 49 54 56 255 55 78 74 255 55 78 74 255 178 186 144 255 146 169 132 255 84 126 100 255 49 54 56 255 0 0 0 255 0 0 0 255 49 54 56 255 49 54 56 255 49 54 56 255 0 0 0 255 46 34 47 255 0 0 0 255 46 34 47 255 62 53 70 255 62 53 70 255 0 0 0 255
0 0 0 255 46 34 47 255 0 0 0 255 46 34 47 255 0 0 0 255 46 34 47 255 0 0 0 255 0 0 0 255 0 0 0 255 0 0 0 255 62 53 70 255 62 53 70 255 0 0 0 255 49 54 56 255 49 54 56 255 49 54 56 255 55 78 74 255 55 78 74 255 49 54 56 255 0 0 0 255 62 53 70 255 62 53 70 255 0 0 0 255 0 0 0 255 0 0 0 255 0 0 0 255 46 34 47 255 0 0 0 255 46 34 47 255 0 0 0 255 46 34 47 255 0 0 0 255
0 0 0 255 46 34 47 255 0 0 0 255 46 34 47 255 0 0 0 255 0 0 0 255 0 0 0 0 0 0 0 0 0 0 0 255 62 53 70 255 98 85 101 255 98 85 101 255 62 53 70 255 0 0 0 255 49 54 56 255 0 0 0 255 0 0 0 255 55 78 74 255 0 0 0 255 62 53 70 255 98 85 101 255 98 85 101 255 98 85 101 255 0 0 0 255 0 0 0 0 0 0 0 0 0 0 0 255 0 0 0 255 46 34 47 255 0 0 0 255 46 34 47 255 0 0 0 255
0 0 0 255 46 34 47 255 0 0 0 255 0 0 0 255 0 0 0 0 0 0 0 0 0 0 0 0 0 0 0 255 62 53 70 255 98 85 101 255 98 85 101 255 98 85 101 255 62 53 70 255 0 0 0 255 0 0 0 255 62 53 70 255 62 53 70 255 0 0 0 255 0 0 0 255 62 53 70 255 98 85 101 255 98 85 101 255 98 85 101 255 98 85 101 255 0 0 0 255 0 0 0 0 0 0 0 0 0 0 0 0 0 0 0 255 0 0 0 255 46 34 47 255 0 0 0 255
0 0 0 255 0 0 0 255 0 0 0 0 0 0 0 0 0 0 0 0 0 0 0 0 0 0 0 0 0 0 0 255 46 34 47 255 62 53 70 255 62 53 70 255 46 34 47 255 0 0 0 255 0 0 0 255 62 53 70 255 62 53 70 255 98 85 101 255 98 85 101 255 0 0 0 255 0 0 0 255 46 34 47 255 62 53 70 255 62 53 70 255 62 53 70 255 0 0 0 255 0 0 0 0 0 0 0 0 0 0 0 0 0 0 0 0 0 0 0 0 0 0 0 255 0 0 0 255
0 0 0 0 0 0 0 0 0 0 0 0 0 0 0 0 0 0 0 0 0 0 0 0 0 0 0 0 0 0 0 255 62 53 70 255 98 85 101 255 98 85 101 255 0 0 0 255 249 194 43 255 0 0 0 255 62 53 70 255 62 53 70 255 98 85 101 255 98 85 101 255 0 0 0 255 249 194 43 255 0 0 0 255 98 85 101 255 98 85 101 255 98 85 101 255 0 0 0 255 0 0 0 0 0 0 0 0 0 0 0 0 0 0 0 0 0 0 0 0 0 0 0 0 0 0 0 0
0 0 0 0 0 0 0 0 0 0 0 0 0 0 0 0 0 0 0 0 0 0 0 0 0 0 0 0 0 0 0 255 0 0 0 255 0 0 0 255 0 0 0 255 249 194 43 255 0 0 0 255 46 34 47 255 46 34 47 255 46 34 47 255 62 53 70 255 62 53 70 255 62 53 70 255 0 0 0 255 249 194 43 255 0 0 0 255 0 0 0 255 0 0 0 255 0 0 0 255 0 0 0 0 0 0 0 0 0 0 0 0 0 0 0 0 0 0 0 0 0 0 0 0 0 0 0 0
0 0 0 0 0 0 0 0 0 0 0 0 0 0 0 0 0 0 0 0 0 0 0 0 0 0 0 0 247 150 23 255 247 150 23 255 249 194 43 255 249 194 43 255 249 194 43 255 0 0 0 255 62 53 70 255 62 53 70 255 62 53 70 255 98 85 101 255 98 85 101 255 98 85 101 255 0 0 0 255 247 150 23 255 249 194 43 255 249 194 43 255 249 194 43 255 247 150 23 255 0 0 0 0 0 0 0 0 0 0 0 0 0 0 0 0 0 0 0 0 0 0 0 0 0 0 0 0
0 0 0 0 0 0 0 0 0 0 0 0 0 0 0 0 0 0 0 0 0 0 0 0 0 0 0 0 0 0 0 0 247 150 23 255 247 150 23 255 249 194 43 255 247 150 23 255 0 0 0 255 0 0 0 255 0 0 0 255 0 0 0 255 0 0 0 255 0 0 0 255 0 0 0 255 0 0 0 255 247 150 23 255 247 150 23 255 249 194 43 255 247 150 23 255 0 0 0 0 0 0 0 0 0 0 0 0 0 0 0 0 0 0 0 0 0 0 0 0 0 0 0 0 0 0 0 0
0 0 0 0 0 0 0 0 0 0 0 0 0 0 0 0 0 0 0 0 0 0 0 0 0 0 0 0 0 0 0 0 247 150 23 255 247 150 23 255 247 150 23 255 247 150 23 255 0 0 0 0 247 150 23 255 247 150 23 255 249 194 43 255 249 194 43 255 249 194 43 255 247 150 23 255 0 0 0 0 247 150 23 255 247 150 23 255 247 150 23 255 247 150 23 255 0 0 0 0 0 0 0 0 0 0 0 0 0 0 0 0 0 0 0 0 0 0 0 0 0 0 0 0 0 0 0 0
0 0 0 0 0 0 0 0 0 0 0 0 0 0 0 0 0 0 0 0 0 0 0 0 0 0 0 0 0 0 0 0 0 0 0 0 247 150 23 255 247 150 23 255 0 0 0 0 0 0 0 0 0 0 0 0 247 150 23 255 247 150 23 255 249 194 43 255 247 150 23 255 0 0 0 0 0 0 0 0 0 0 0 0 247 150 23 255 247 150 23 255 0 0 0 0 0 0 0 0 0 0 0 0 0 0 0 0 0 0 0 0 0 0 0 0 0 0 0 0 0 0 0 0 0 0 0 0
0 0 0 0 0 0 0 0 0 0 0 0 0 0 0 0 0 0 0 0 0 0 0 0 0 0 0 0 0 0 0 0 0 0 0 0 0 0 0 0 0 0 0 0 0 0 0 0 0 0 0 0 0 0 0 0 247 150 23 255 247 150 23 255 247 150 23 255 247 150 23 255 0 0 0 0 0 0 0 0 0 0 0 0 0 0 0 0 0 0 0 0 0 0 0 0 0 0 0 0 0 0 0 0 0 0 0 0 0 0 0 0 0 0 0 0 0 0 0 0 0 0 0 0 0 0 0 0
0 0 0 0 0 0 0 0 0 0 0 0 0 0 0 0 0 0 0 0 0 0 0 0 0 0 0 0 0 0 0 0 0 0 0 0 0 0 0 0 0 0 0 0 0 0 0 0 0 0 0 0 0 0 0 0 0 0 0 0 247 150 23 255 247 150 23 255 0 0 0 0 249 194 43 255 0 0 0 0 0 0 0 0 0 0 0 0 0 0 0 0 0 0 0 0 0 0 0 0 0 0 0 0 0 0 0 0 0 0 0 0 0 0 0 0 0 0 0 0 0 0 0 0 0 0 0 0
0 0 0 0 0 0 0 0 0 0 0 0 0 0 0 0 0 0 0 0 0 0 0 0 0 0 0 0 0 0 0 0 0 0 0 0 0 0 0 0 0 0 0 0 0 0 0 0 0 0 0 0 0 0 0 0 0 0 0 0 0 0 0 0 0 0 0 0 0 0 0 0 249 194 43 255 0 0 0 0 0 0 0 0 0 0 0 0 0 0 0 0 0 0 0 0 0 0 0 0 0 0 0 0 0 0 0 0 0 0 0 0 0 0 0 0 0 0 0 0 0 0 0 0 0 0 0 0
